1
200
01100000000200000000000000000000000000000000000000001110000000000000000000000000000000000000001111100000000000000001000000000000011100000000000000000000000011111111111111111111111111111111111111111111
00000000000000000000000000000000000000000000000000000000000000000000000000000000000000000000000100000000000000000000000000000000011000000000000000000000000011111111111111111111111111111111111111111111
00000000000000000000000000000000000000000000000000000000000000000000000000000000000000000000000100000000000000000000000000000000000000000000000000000000000111111111111111111111111111111111111111111111
00000000000000000000000000000000000000000000000000000000000000000000000000000000000000000000000000000000000000000000000001000000000000000000000000000000000111000011111111111111111111111111111111111111
00000000000000000000000000000000000000000000000000000000000000000000000000000000000000000000001100000000000000000000000000000000000011100000000000000000001110011011111111111111111111111111111111111111
00000000000000000000000000000000000000000000000000000000000000000000000000000000000000000000000000000000000000000000000010000000000001100000000000000000000001000001111111111111111111111111111111111111
00000000000000000000000000000000000000000000000000000000000000000000000000000000000000000000000000000000000000000000000000000000000000101010000000000000000001000001111111111111111111111111111111111111
00000000000000000000000000000000000000000000000000000000000000000000000000000000000000000000000000000000000000000000000000000000000000011010000000000000000000000001111111111111111111111111111111111111
00000000000000000000000000000000000000000000000000000000000000000000000000000000000000000000000000000000000110000000000000001100000000000000000000000000000000000001111111111111111111111111111111111111
00000000000000000000000000000000000000000000000000000000000000000000000000000000000000000000000000000000000000000000000000001000101100000000000000000000000000000001111111111111111111111111111111111111
00000000000000000000000000000000000000000000000000000000000000000000000000000000000000000000000000000000000000000000000000010000001100000000000000000000000000000001111111111111111111111111111111111111
00000000000000000000000000000000000000000000000000000000000000000000000000000000000000000000000000000000000000000000000000000000000000000000000000000000001111100100111111111111111111111111111111111111
00000000000000000000000000000000000000000000000000000000000000000000000000000000000000000000000100000000000000000000000000000000000000000000000000010000000000100000111111111111111111111111111111111111
00000000000000000000000000000000000000000000000000000000000000000000000000000000000000000000000000000000000000000000000000000000000000000000000000000000000100110011111111111111111111111111111111111111
00000000000000000000000000000000000000000000000000000000000000000000000000000000000000000000000000000000000000000000000000000000000000000000000000000001000100001111111111111111111111111111111111111111
00000000000000000000000000000000000000000000000000000000000000000000000000000000000000000000000000000000000000000000000000000000000000000000000000000001100110001111111111111111111111111111111111111111
00000000000000000000000000000000000000000000000000000000000000000000000000000000000000000000000001000000000000000000000000000000000000000000000000000001111110000111111111111111111111111111111111111111
00000000000000000000000000000000000000000000000000000000000000000000000000000001000000000000000001000000000000000000000000000000000000000000000000000001111111000011111111111111111111111111111111111111
00000000000000000000000000000000000000000000000000000000000000000000000000000000000000000000000000000000000000000000000000000000000000000000000000000001111111011000011111111111111111111111111111111111
00000000000000000000000000000000000000000000000000000000000000000000000000000000000000000000000000000000000000000000000000000000000000000000000000000000111111111100011111111111111111111111111111111111
00000000000000000000000000000000000000000000000000000000000000000000000000000000000000000000000000000000000000000000000000000000000000000000000000000000000011111101011111111111111111111111111111111111
00000000000000000000000000000000000000000000000000000000000000000000000000000000000000000000000000101000000000000000000000000000000000000000000000000000000001111000011111111111111111111111111111111111
00000000000000000000000000000000000000000000000000000000000000000010000000000000010000000000000000101000000000000000000000000000000000000000000000000000000011111000011111111111111111111111111111111111
00000000000000000000000000000000000000000000000000000000000000000000000000000000010000000000000000100000000000000000000000100000000000000000000000000000010001100000111111111111111111111111111111111111
00000000000000000000000000000000000000000000000000000000000000000000000000000000000000000000000000110000000000000000000000000000000000000000000000000000000001100000111111111111111111111111111111111111
00000000000000000000000000000000000000000000000000000000000000000000000000000000000000000000000010000000000000000000000000010110010000000000000100000000000100000000011111111111111111111111111111111111
00000000000000000000000000000000000000000000000000000000000000000000000000000000000000000000000000000000000000000000000000000111111000000000000000000001111100000000111111111111111111111111111111111111
00000000000000000000000000000000000000000000000000000000000000000000000000000000000000000000000000000000000000000000000000111111110000000000000000000001110000011000011111111111111111111111111111111111
00000000000000000000000000000000000000000000000000000000000000000000000000000000000000000000000000000000000100000000000001111111110000110000000000000010000000011001111111111111111111111111111111111111
00000000000000000000000000000000000000000000000000000000000000000000000000000000000000000000000000000000000000000000000011111111100000111000000000000000000000000001111111111111111111111111111111111111
00000000000000000000000000000000000000000000000000000000000000000000000000000000000000000000000000000000000000000000001001111111110000110000000000000000000000000000111111111111111111111111111111111111
00000000000000000000000000000000000000000000000000000000000000000000000000010000000000000000000000000000000000000000000001111111110111100000000000000000000000000001111111111111111111111111111111111111
00000000000000000000000000000000000000000000000000000000000000000000000000010000000000000000000000000000000000000000000000001111110111110000000000000000111000000001111111111111111111111111111111111111
00000000000000000000000000000000000000000000000000000000000000000000000000000000000000000000000000000000000000000000000000000001110111110000000000000000111100001111111111111111111111111111111111111111
00000000000000000000000000000000000000000000000000000000000000000000000000000000000000000000000000000000000000000000000000010000110001100000000001000001111110001111111111111111111111111111111111111111
00000000000000000000000000000000000000000000000000000000000000000000000000000000000000000000000000000000000000000000000000000010000011100000000001100001111110011111111111111111111111111111111111111111
00000000000000000000000000000000000000000000000000000000000000000000000011000000000000110000000000000000000000000000000000000000000000110000000001101001111111111111111111111111111111111111111111111111
00000000000000000000000000000000000000000000000000000000000000100000000011000100000000000000000000000000000000000000000000000000000100011010000001111111111111111111111111111111111111111111111111111111
00000000000000000000000000000000000000000000000000000000000000000000000011100110000000000000000000000000000000000000000000000000000101111000010111111111111111111111111111111111111111111111111111111111
00000000000000000000000000000000000000000000000000000000000000000000000011111100000000000000000000000000000000000000000000000000000101111000100111111111111111111111111111111111111111111111111111111111
10100000000000000000000000000000000000000000000000000000000000000000000001111100100000000000000000000000000000000000000000000000000100111000000111111111111111111111111111111111111111111111111111111111
11110000000001100000000000000000000000000000000000000000000000000000000001111110000000000000000000000000000000000000000000000000011100011000001111111111111111111111111111111111111111111111111111111111
11111000000000000000000000000000000000000000000000000000000000000000000001001110000000000000000000000000000000000000000000000000111100010000001111111111111111111111111111111111111111111111111111111111
00000000000000000000000000000000000000000000000000000000000110000010000000000000000000000000000000000000000000000000000000000000111100000000001111111111111111111111111111111111111111111111111111111111
00000000000000000000000000000000000000000000000000000000000110000000000000000000000000000000000000000000000000000000000000000000001100000000000011111111111111111111111111111111111111111111111111111111
00010000000000000000000000000000000000000000000000000000001000000000000000000100000000000000000000000000000000000000000000000011000100000000001000111111111111111111111111111111111111111111111111111111
00000000000000000000000000000000000000000000000000000000000000000000000000000000000000000000000000000000100000000001100000000000000000000000000001111111111111111111111111111111111111111111111111111111
00000000000000000000000000000000000000000000000000000000000000000000011100000000000000000000000000000000100000000000100000000000000000000000001011111111111111111111111111111111111111111111111111111111
00000000000000000000000000000000000000000000000000000000000000000001111000000000000000000000000000000000000000000001100000000010000000011111111011111111111111111111111111111111111111111111111111111111
00000000000000000000000000000000000000000000000000000000000000000000111000000000000000000000000000000000000000000001000000000000001110011111111111111111111111111111111111111111111111111111111111111111
10000000000000010000000000000000000000000000000000000000000000000000111000000000000001100000000000000000010100100101000000000011100011011111111111111111111111111111111111111111111111111111111111111111
00000000000000000000000000000000000000000000000000000000000000000000110000000000000000000000000000000000100011101000000000000011000011001111111111111111111111111111111111111111111111111111111111111111
00000000000000000000000000000000000000000000000000000000000000000000100001000000001110000000000000000000100110001100000000000000000011100101111111111111111111111111111111111111111111111111111111111111
00000000000000000000000000000000000000000000000000000000000000000000000000000000000000000000000000000000011100000101100000010000000011110001111111111111111111111111111111111111111111111111111111111111
00000000000000000000000000000000000001000000000000000000000000000011100100000000000100000000000000000000000000101000000000000000000011110101111111111111111111111111111111111111111111111111111111111111
00000000000000000000000000000000000000000000000000000000000000000011000001000000000001100000000000000000000000000000000000000000000111111001111111111111111111111111111111111111111111111111111111111111
00000000000000000000000000000000000000000000000000000000000000000001100110000000000001000000000000000000000000000000100000001111111111111000001111111111111111111111111111111111111111111111111111111111
00000000000000000000000000000000000000000000000000000000000000000000000010000000000000000000000000000000000100001011100000011111111111111110001111111111111111111111111111111111111111111111111111111111
00000000000000000000000000000000000000000000000000000001111000000000000110000000000000000000000000000000000000001111100000000111111111111110001111111111111111111111111111111111111111111111111111111111
00000000000000000000000000000000000000000000000000010001111000000000000100000000000000000000000000000000000000000000100110000111110011111111011111111111111111111111111111111111111111111111111111111111
00000000000000000000000000000000000000000000000000000000011111100000000100001110000011000000010000000000000000001000000100000011000001111110011111111111111111111111111111111111111111111111111111111111
00000000000000000000000000000000000000000000000000000000011100000000000000001100001111000000000100000000011100000100000000000001000000000000011111111111111111111111111111111111111111111111111111111111
00000000000000000000000000000000000000000000000000000010000100000100000000010000000000000000011100000000011000000001000000000001111000100000111111111111111111111111111111111111111111111111111111111111
10000000000000000000000000000000000000000000000000000110100100000000000010010000000100000000011111000000111110000001100000000011111000000001111111111111111111111111111111111111111111111111111111111111
00000000000000000000000000000000000000000000000000000111110000000000000011000000000010000000000000000000011111000100000000000011111000111111111111111111111111111111111111111111111111111111111111111111
00000000000000000000000000000000000000000000000000000111111000000000000001000000000010000000000000000001111110000100000000000010001000000011111111111111111111111111111111111111111111111111111111111111
00000000000000000000000000000000000000000000000000000111111001100000000000000000000000100000000000000000111111000100000000000000000000000011111111111111111111111111111111111111111111111111111111111111
00000000000000000010000000000000000000000000000000000111101000000000000100001100000000000100000001000000010000000110000000100011100001000011111111111111111111111111111111111111111111111111111111111111
00000000000000000000100000000000000000000000000110000001000000000000000000001000000010000000000000000000010100000111000000000111100000000111111111111111111111111111111111111111111111111111111111111111
00000000000000000000000000000000000000000000111100000011000000000000000000001100000000000000000000000000000000000000000000011111100000001111111111111111111111111111111111111111111111111111111111111111
00000000000000000000000000000000000000010001110000000000000000000000000011111100000110000000000000010110000000000001001111111111100000001111111111111111111111111111111111111111111111111111111111111111
10000000000000000000000000000000000000010000010000000000000000000000000111111101100001100000000000011100000000000111111111111111100000001111111111111111111111111111111111111111111111111111111111111111
00000000000000000000000000000000000000001000010000000000000000000000000011000101100000111000000000101000001100111111111111111111111000011111111111111111111111111111111111111111111111111111111111111111
10000000000000000000000000000000000011011100001000000000000000000000001011000001100000000000000000000000001000111111111111111111111100011111111111111111111111111111111111111111111111111111111111111111
00000000000000000000000000000000001011111100000000000000000000000000001000000000000000000000000000000000000000111111111111111111111111111111111111111111111111111111111111111111111111111111111111111111
00000000000000000000000000000000011011111100001000010000000010000000000000001000000000000000000000000000000001111111111111111111111111111111111111111111111111111111111111111111111111111111111111111111
10000000000000000000000000000001000011111100000000000000000000000000000000001000010000000000000000000000000011111111111111111111111111111111111111111111111111111111111111111111111111111111111111111111
00010000000000000000000000000000001011111100000000000000000000000000000000000000011100010000000000000000000011111111111111111111111111111111111111111111111111111111111111111111111111111111111111111111
00111000000000000000000000000110000011111100100000000000000000000000000000000000011100000010000000000000000011111111111111111111101101111111111111111111111111111111111111111111111111111111111111111111
11111100000000000000000000000111011111111110000000000000000000000000000000000000000000000000000000000000000001111111111111111000000001111111111111111111111111111111111111111111111111111111111111111111
11111100000000000000000000001111111111111111000100000000000000000000000000000001010000111100000000000000000000111111111111110001111100000031111111111111111111111111111111111111111111111111111111111111
11111100100000000000000000001111111111111111110000000000000000011110000000000000000000111110000000000000000100001111111111110111111111000011111111111111111111111111111111111111111111111111111111111111
11111110000000000000000000001111111111111111110000000000000001000110000000000000000000111110000000000000001110001111111111110001111111101111111111111111111111111111111111111111111111111111111111111111
10001100000000000000000000000111000100111111110000000000000000010110000000000000001000111100000000000000001110001111111111100011111111111111111111111111111111111111111111111111111111111111111111111111
10000000000000000000000000000100000000011111111101000000000001110110000000000000000000011100000000000000000000001111111111100111111111111111111111111111111111111111111111111111111111111111111111111111
00000000000000000000000000000101100000011111111100000000000111110000000000000100000000011000000000001100000000000000111111110111111111111111111111111111111111111111111111111111111111111111111111111111
00000000000000000000000000000001100001011111111100000000001111111100100000000100000000001000000000000011110100000000111111110111111111111111111111111111111111111111111111111111111111111111111111111111
00000000000000000000000000000000000100011111111100000000011111111111111000000110000000000000000000000000000000000000011111010011111111111111111111111111111111111111111111111111111111111111111111111111
00000000000000000000000000000000000100111111111110000000011100111111111110000010000000000000000000000000000000000000011111000011111111111111111111111111111111111111111111111111111111111111111111111111
00000000000000000000000000000000000011001111111111000000011000111111110000000000011000011000000000100000000000000000011110000011111111111111111111111111111111111111111111111111111111111111111111111111
00000000000000000000000000000000000000001111111111100000011000111110000110010000011000011000000000000000000001000100001110000011111111111111111111111111111111111111111111111111111111111111111111111111
00000000000000000110000000000000000010001111111111100000000000111110001010010000010001011000000000110000000001101100010111010011111111111111111111111111111111111111111111111111111111111111111111111111
00000000000000000100000000000000000000001111111111100000000000111110001000000000000000000000000000111100000000011100000000010011111111111111111111111111111111111111111111111111111111111111111111111111
10000000000000000000000000000010000000001111111111100000000001111100000000000001000000000001000001111111000000011000000010010001111111111111111111111111111111111111111111111111111111111111111111111111
00001000000000000000000000100010000011001111111111111000000001111110000000000000000000000000000000001111000000111111100000001111111111111111111111111111111111111111111111111111111111111111111111111111
10011000000000000000000000000000000001000111111111111000000011111100001000111000000000000000000000000011011111111111111100111111111111111111111111111111111111111111111111111111111111111111111111111111
10110000000000000000000000000000000001110110011111111000000001111101000000110000000000000000000011000011111111111111111111111111111111111111111111111111111111111111111111111111111111111111111111111111
10111110000000000000000000000000000000000000000000000000000000111000000111110000000000000000000000000011110001111111111111111111111111111111111111111111111111111111111111111111111111111111111111111111
10111111000000000000000000000000000000000000010000001100000010111000001111111111000000000000000000000000000000111111111111111111111111111111111111111111111111111111111111111111111111111111111111111111
10011111110000000011000000000000000000000000000000001100000000100000111111101111000000000000000000010000000111111111111111111111111111111111111111111111111111111111111111111111111111111111111111111111
11000111101011100010000000000000000000000000000000000000000000000001111000100110000000000000000011000000011111111111111111111111111111111111111111111111111111111111111111111111111111111111111111111111
11110011000001100100000000000000000000000000000000001000000000100011111000001110000000000000000011001100001111111111111111111111111111111111111111111111111111111111111111111111111111111111111111111111
11111011000001000000000000000000000000000000000000000000000100000111111100001111100000000000010001110000001111111111111111111111111111111111111111111111111111111111111111111111111111111111111111111111
11000010000000000000000000000000000000000000000000011100011100000111111100001011100000000000000000110000001100111111111111111111111111111111111111111111111111111111111111111111111111111111111111111111
10001100000000000000000000000000000000000000010111111100011100001111111100000000000000000000000000000000001000011111111111111111111111111111111111111111111111111111111111111111111111111111111111111111
11011110000000000000000000000000000000000000011111111110010000001111110000000000000000000000000000000000000000011111111111111111111111111111111111111111111111111111111111111111111111111111111111111111
11000000000000000000000000000000000000000000001111111100000000011111110000001000000000000000000000000000000000011111111111111111111111111111111111111111111111111111111111111111111111111111111111111111
00000000000000000000000000000000000000000000000111111100000000111111100000000000000000000000000000000000000100011111111111111111111111111111111111111111111111111111111111111111111111111111111111111111
00000001000000000000000000000000000000000000001111111110000000111001100000000000000000000000100000000000000000011111111111111111111111111111111111111111111111111111111111111111111111111111111111111111
00000000000000000000000000100000000000000000000111111111000000110010000000000000010000000000000000000000000000000111111111111111111111111111111111111111111111111111111111111111111111111111111111111111
00000000000000000100000000000000000000000000000111111110000000000000000000000000110000000000000000000000000000000000111111111111111111111111111111111111111111111111111111111111111111111111111111111111
00000000000110000000000000000000000000000000000000111111000000000000000000000000000000000000000000000000000000000010000001111111111111111111111111111111111111111111111111111111111111111111111111111111
00000000000100000000000000000000000100000000000000111111000000000000000100000000000000000000000000000000000000000010000001111111111111111111111111111111111111111111111111111111111111111111111111111111
00000000000100000000000000000000000000000000000000111111100000000000000000000000000000000000000000000000000000010100000101111111111111111111111111111111111111111111111111111111111111111111111111111111
01010000000000000000000100000000000000000000000000111111100000000000000000000000000000000000000000000000000000000111000001111111111111111111111111111111111111111111111111111111111111111111111111111111
00010000000000000000000000000000000000000000000000011100000000000000000000000000000000000000000000000000001000010111001111111111111111111111111111111111111111111111111111111111111111111111111111111111
00000000000000000000000011000000000000100000000100000000000000000000000000000000000000000000000000000000000000011110001111111111111111111111111111111111111111111111111111111111111111111111111111111111
00000000000000000000000000000000000000000001000000001100000000000000000000000000000000000000000000000000000001000110111111111111111111111111111111111111111111111111111111111111111111111111111111111111
00000000000000000000000000000000000000000000000000001000000000000000000000000000000000000000000000001100000011110000111111111111111111111111111111111111111111111111111111111111111111111111111111111111
00100000000000000000000000000000000000000010000000000000000000000000000000000000000000000000000000011111100111111111111111111111111111111111111111111111111111111111111111111111111111111111111111111111
00100000000000000000000000000000000000000000000000000000000010000000000000000000000000000000000000011111111111111111111111111111111111111111111111111111111111111111111111111111111111111111111111111111
10000000000010000000000000000000000000000000000000000000000000000000000000000000000000000000000000011111111111111111111111111111111111111111111111111111111111111111111111111111111111111111111111111111
00000000000000000000000000000000000000000000000000000000000000000000000000000000000000000000000000001111111111110001111111111111111111111111111111111111111111111111111111111111111111111111111111111111
11100000000000000000000000000000000000000000000000000000000000000000000000000000000000000000000000001111111111000001111111111111111111111111111111111111111111111111111111111111111111111111111111111111
11000000000001000010000000000000000000000000000000000000000000000000000000000000000000000000000111001111111111011001111111111111111111111111111111111111111111111111111111111111111111111111111111111111
00000000000001001011000000000000000000000000000000000000000000000000000000001100000000000000000000011001111110001000111111111111111111111111111111111111111111111111111111111111111111111111111111111111
00000000000000000001000000000000000000000000000000000000000000000000000000011000000000000000000000001000001110000000111111111111111111111111111111111111111111111111111111111111111111111111111111111111
00000000000000000000000000000000000000000000000000000000000000000000000000000000000000000000000000001000011110000000011111111111111111111111111111111111111111111111111111111111111111111111111111111111
00000000000000000010000000000000000000000000000000000000000000000000000000000000000000000000000000110000110000000000000011111111111111111111111111111111111111111111111111111111111111111111111111111111
10000000000000000000000000000000000000000000000000000000000000000000000000000000000000000000000000000000110000000000000011100111111111111111111111111111111111111111111111111111111111111111111111111111
10000000000000000000000000000000000000000000000000000000000000000000000000000000000000000000000000000000000000000000000000000111111111111111111111111111111111111111111111111111111111111111111111111111
10000000000000000000000000000000000000000000000000000000000000000000000000000000000000000000000011000000000000000000000110000000111111111111111111111111111111111111111111111111111111111111111111111111
00000000000000000000000000100000100000000000000000000000000000000000000000000000000000000000000000000000000000000000000000000000011111111111111111111111111111111111111111111111111111111111111111111111
01000000000000000000000000000000000000000000000000000000000000000000000000001000000000000000000000000000000000000000000000000000001111111111111111111111111111111111111111111111111111111111111111111111
00000000000000000000000010000000000000000000000000000000000000000000000000000000001000000000000000000000000000000000000000000000000111011111111111111111111111111111111111111111111111111111111111111111
11100000000000000000000100001000000000000000000000000000000000000010000000110000000000000000000000000000000000000000000000000001100111001111111111111111111111111111111111111111111111111111111111111111
11100000000000000000000000001000000000000000000000000000000000000000000010000001000000000000000000000000110001100000000000000000000100001111111111111111111111111111111111111111111111111111111111111111
11100000000000000000000000000000000000000000000000000000000000000000000010000000000000000000000000000000110001000000000000000000000000000111111111111111111111111111111111111111111111111111111111111111
11100000000000000000000000010000000000000000110000000000000000000000000000000000000000000000010010000000000001011000001000001000000000010110000111111111111111111111111111111111111111111111111111111111
11000000000000000000000000000000000000000000000000000000000000000000000000000000000000000000000000010000000000000000000100000000000000000000011111111111111111111111111111111111111111111111111111111111
00000000000000000000000000000100000000000000000000000000000000000000000000000000000000000000000000000000000000000000000000000000000000000000111111111111111111111111111111111111111111111111111111111111
00000000000000000000000000000000000000000000000000000000000000000000000000000000000000000000000000000000000000000000000000000000000000000000111111111111111111111111111111111111111111111111111111111111
00000000010000000000000100001100000000000000000000000000000000000000000011000000000000000000000000000000000000000000000000001100000000000001111111111111111111111111111111111111111111111111111111111111
00000000000000000000000000100100000000000000000000000000000000000000000000000000000000000000000000000000000000000000011000000000000000110001111111111111111111111111111111111111111111111111111111111111
00000000000000000000000000010000000000010000000000000000000000000000000000000000000000000000000000000000000000000000011000000000110000100001111111111111111111111111111111111111111111111111111111111111
10000010000000000000000000000000000000000000000000000000000000000000000000010000000000000000000000000000000000000000010000000100110000110000011111111111111111111111111111111111111111111111111111111111
00000000000000000000000000000000000000000000000000000000000000000000000000000000000000000000000000000000000000000001010001000001100000110000011111111111111111111111111111111111111111111111111111111111
00000000000000000000000000000000000000000000000000000000000000000000000000000000000000000000000000000000000000000100011000011011110000000000000010111111111111011111110111111111111111111111111111111111
00000000000000000000000000000000000000000000000000000000000000000000000000000000000000000000000000000000000000000110000011001011111000000000010000011111111111011111110011111111111111111111111111111111
00000000000000000000000000000000000000000000000000000000000000000000000000000000000000000000000000000000001000000100000000101011111000000000000000001111111110011111110011111111111111111111111111111111
00000000000000000000000000000000000000000000000000000000000000000000000000000000000000000000000000000000000000000000000000001000000000000000000010001111111110011111100011111111111111111111111111111111
00000000000000000000000000000000000000000000000000000000000000000000000000000000000000000000000000000000000100000100000000001111010000000000000100000111111110011110000011111111111111111111111111111111
00000000000000000000000000000000000000000000000000000000000000000000000000000000000000000000000000000000000100000100000001001000000000000000010000000001000000010010000001111111111111111111111111111111
00000000000000000000000000000000000000000000000000010000000000000000000000010000100000000000000000000000000000001000000001000000000000110000000000000000000001000000000011111111111111111111111111111111
00000000000000000000000000000000000000000000000000000000000000000000010000000001000000000000000000000001110000101000000000000000000000100001100011110000000001100000000011111111111111111111111111111111
00000000000000000110000000000000000000000000000000000000000000000000000100001011100000000000000000000001100000001100100000000100001111000000100011100000000000000000000000001111111111111111111111111111
00000000000000000100000000000000000000000000000000000000000000000000000000001011100000000000000000000000000000001110000000000000001111100000110000000000000000010000000000001111111111111111111111111111
00000000000000000000000000000000000000000000000000000000000000000000000000001011111110000000001000000000110000100000000000000000101111110000100000000000000000001000100000111111111111111111111111111111
11000000000000000000000000000000000000000000000000000000000000000000000000000011110001000000001000000000000000100000000000001000001011000000110000000000000000000000001100111111111111111111111111111111
11110000000000000000000000000000000000000000000000000000000000000000000000001111110001000000000000000000000000101000000000001000100011000000000000000000000000000000000001111111111111111111111111111111
11110000000000000000000000000000000000000000000000000000000000000000000000000100001001000000000000000000001000000000000000000000000001000000000000000000000000000000000001111111111111111111111111111111
11111000000000000000000000000000000000000000000000000000000000000000000000000000100000000011000000000000000000000000000000000000000010000000000000001100000000000000000001111111111111111111111111111111
11111000000000000000000000000000000000000000000000000000000000000000000000000000000000000000000000000000001000000000000000000000000000000000000000001100000000000001111000111111111111111111111111111111
11111100000000000000000000000000000000000000000000000000000000000000000000000000000000000000000001000000000000000000000000000000000000000000000000000000111110000000111111111111111111111111111111111111
11111100100000000000000000000000000000000000000000000000000000000000000000000001000000000000000001100000000000000000000000000000000000000001000000000000000010100001111111111111111111111111111111111111
11100000100000000000000000000000000000000000000000000000000000000000000000000001000000000000000001100000000000000000000000000000000000000000000000000000000100111111111111111111111111111111111111111111
00000100100000000000000000000000000000000000000000000000000000000000000000000001000000000000001000000000000000000000000000000000000000000000000000000000000110011111111111111111111111111111111111111111
00000100000001000000000000000000000000000000000000000000000000000000000000000000000000000100000001000000000000000000000000000000000000000000000000000000010000011111111111111111111111111111111111111111
00001000000000000000000000000000000000000000000000000000000000000000000000000000000000000110000000000000000000000000000000000000000000000000100000000000000110011111111111111111111111111111111111111111
00000010000000000000000000000000000000000000000000000000000000000000000000000001001100000110000000000000000000000000000000010000010001110010110001000000000011111111111111111111111111111111111111111111
00000110000000000000000000000000000000000000000000000000000000000000000000000011100000000010000000000000000000110000011000000100000000111000010011000000000011111111111111111111111111111111111111111111
00000011100000000000000000000000000000000000000000000000000000000000000000001111000000000000000000000000000000000000011000010000000101111110000001000000000111111111111111111111111111111111111111111111
00000011100000000000000000000000000000000000000000000000000000000000000000000111010000000000001000000000000000000000000000000000000101111111000011001011000111111111111111111111111111111111111111111111
00000001111000000000000000000000000000000000000000000000000000000000000000000111000000000000000000000000000000000000000000000000001111111111010111100001001111111111111111111111111111111111111111111111
00000000111100000000000000000000000000000000000000000000000000000000000000000000110000000011000000000000000000000000100000000000111111111111110111110011101111111111111111111111111111111111111111111111
00000100111101001000000000000000000000000000000000000000000000000000000000000000010000000000010000000000001000100000000000000001111111111111111111111011111111100111111111111111111111111111111111111111
10000100011000010000000000000000000000000000000000000000000000000000000000000000000000000000000000000010000011111000111100010011111111111111111111111011111111100111111111111111111111111111111111111111
11000011000000000000000000000000000000000000000000000000000000000000000000000000000000000000000000000000000011111000111000000111111111111111111111111001111010000111111111111111111111111111111111111111
00000010000000000000000000000000000000000000000000000000000000000000000000000000000000000000000000000000001111111101111100001111111111111111111111101101100000001111111111111111111111111111111111111111
01000000000100000000000000000000000000000000000000000000000000000000000000000000000000000000000000000000011111111001111110000111111111111111111111100101001000000001111111111111111111111111111111111111
00000000001000000000000000000000000000000000000000000000000000000000000000000001000000000000000001110000011111111111111110000011111111111111111100100000000000000011111111111111111111111111111111111111
10000001100000000000000000000000000000000000000000000000000000000000000000000000000000000000000011111100011111111111111110000111111111111111110000001101000000001110001111111111111111111111111111111111
10000000000000000000000000000000000000000000000000000000000000000000000000000000000000000000000000111100011111111110011111101111111111111011110000000101000000001100001111111111111111111111111111111111
11000000000000000000000000000000000000000000000000000000000000000000000000000001100000000000000000011110001111111110001111111111111111111000111000000001110000100001100001111111111111111111111111111111
11000000000000000000000000000000000000000000000000000000000000000000000000000000110000000000000000000110000111111110011111111111111111111000010000000111110000001111000101111111111111111111111111111111
11000000000000000000000000000000000000000000000000000000000000000000000000000000000000000000000000000100110111111100011111111111111111111010000000001111010000111000000000011111111111111111111111111111
11110000100000000000000000000000000000000000000000000000000000000000000000001000000000000000000000000001110011111100111111111111111111111000000000001100000001111100000001011111111111111111111111111111
11110000000000000000000000000000000000000000000000000000000000000000000000010000000000000000000000000000000011111000111111111111111111100000000000000000000000010000000001000111111111111111111111111111
11100000000100000000000000000000000000000000000000000000000000000000000000000000000000000000000000000000000011100000011111111111111111100000000001001100000000010000000001000111111111111111111111111111
11100000000000000000000000000000000000000000000000000000000000000000000000000000000000000000000000000000000000000000011111111111110011100000000011101111100000000000000000000001111111111111111111111111
11110000000000000000000000000000000000000000000000000000000000000000000000000000000000000000000000000000010000000000011110111111110110000111000011101111100000000000000000001001111111111111111111111111
10000000000000000000000000000000000000000000000000000000000000000000000000000000000000000000000000000000000000000000001100000011100110011111011001001011100001110000000000000011111111111111111111111111
00000000000000000000000000000000000000000000000000000000000000000000000000000000000000000000000000000000000000000000001000101011000000001111111000000011111111110000000010000111111111111111111111111111
00000000000000000000000000000000000000000000000000000000000000000000000000000000000000000000000000000000000000000000000000001000000000011111111000000011111111011000000001001111111111111111111111111111
10000000000000000000000000000000000000000000000000000000000000000000000000000000000000000000000000000000000000000000000000001000000111111111110000000011111110011000000011000011111111111111111111111111
00000000000000000000000000000000000000000000000000000000000000000000000000000000000000000000000010000000000000000001000111000000100111111111111000010011111110000000000111100011111111111111111111111111
00000000000000000000000000000000000000000000000000000000000000000000000000000000000000000000000000000000000000000111010000000000110111111111111000110011111110010000011111100111111111111111111111111111
00000000000000000000000000000000000000000000000000000000000000000000000000000000000000000000000000000000010000000010001000011100111111111111111001111111111111000001111111111111111111111111111111111111
00000000000000000000000000000000000000000000000000000000000000000000000000000000000000000000000000000010000000110000001111111111111111111111111001111111111111010001111111111111111111111111111111111111
00000000000000001000000000000000000000000000000000000000000000000000000000000000000000000000000000000000000000111100011111111111111111111111111011111111111111111111111111111111111111111111111111111111
